0.000283 2
0.830310 16
0.027163 33
0.032064 56
0.005503 6
0.093148 8
0.443943 22
0.000738 5
0.000328 6
0.000305 1
0.000711 6
0.000185 2
0.000138 89
0.000126 2
0.000124 25
0.001366 2
0.000312 5
0.000160 6
0.000240 100
0.000632 8
0.205955 157
2.611964 6
0.008883 34
0.002359 41
0.296507 39
0.159373 54
0.193537 26
0.013454 34
0.129260 11
0.002542 100
0.001828 8
0.175489 157
1.930091 6
0.003564 73
0.109600 27
0.146597 26
0.021411 34
0.204897 67
0.000424 172
0.005979 108
0.232402 157
5.119792 19
0.023791 131
0.047247 1024
0.000101 1024
0.000191 1024
0.000071 1024
0.000044 1024
0.000042 362
0.003587 17
0.467296 1024
0.000105 1024
0.000058 104
0.309837 1024
0.000115 1024
0.004996 494
1.804316 21
0.024704 1024
0.000076 1024
0.000970 1024
0.000074 1024
0.000173 1024
0.000070 713
0.448310 21
0.028824 1024
0.000246 1024
0.002070 1024
0.000088 1024
0.000040 1024
0.000037 1024
0.000030 34
0.162643 147
0.020076 1024
0.000083 1024
0.000043 527
0.914529 1024
0.000908 1004
0.697141 1024
0.000099 1009
0.753094 150
0.000820 1024
0.000230 873
0.615349 1024
0.000101 1005
0.240401 1024
0.000361 1004
0.257948 1024
0.000080 1024
0.005302 1024
0.000103 348
0.273263 1024
0.000240 1024
0.005212 1024
0.000145 775
0.852260 1024
0.000097 1024
0.000038 1024
0.000032 157
2.276382 1024
0.000353 1024
0.000110 1024
0.000107 121
0.434086 1024
0.000096 1024
0.000041 13
0.449920 1024
0.000115 638
0.867926 145
0.020071 1024
0.000105 1024
0.000042 71
0.226066 146
0.016443 1024
0.000118 1024
0.000054 206
3.992379 1024
0.000207 1024
0.001684 341
0.240875 144
0.008438 1024
0.000098 804
2.388708 48
0.557502 164
0.179596 164
1.633513 81
0.193888 39
0.164686 54
0.190560 26
0.015079 34
0.042302 11
0.004820 100
0.001092 8
0.180206 157
2.931934 81
0.397665 25
0.117290 36
0.292628 25
0.002134 7
0.755356 9
0.228008 9
0.157335 11
4.448909 6
0.004289 44
0.000964 51
0.077311 49
0.007146 25
0.014317 23
0.389938 22
0.080994 22
0.010809 7
0.683186 9
0.123253 9
0.198451 9
0.219158 9
0.415241 9
0.801116 22
0.003102 95
0.430028 90
0.580963 74
0.181452 52
0.168788 51
0.886890 29
0.028399 34
1.553415 845
0.000122 183
0.001133 78
0.035219 108
0.187354 157
6.280234 40
0.000386 41
0.322714 39
0.177150 54
0.884409 26
0.017899 34
0.034421 11
0.004777 100
0.000776 8
0.197726 157
2.174250 6
0.004166 35
0.005339 42
0.492526 40
0.042046 43
0.304473 39
0.003085 44
0.177061 56
1.130891 26
0.054910 53
